# quota rate window octets | meter rate window grace unit peer_rate t0 peer_start windows (short k | never), from spec/lean/Colibri/Server/RateMeter.lean. Generated by spec/lean/Vectors.lean; do not edit.
quota 1 1 1
quota 1 2 1
quota 1 499999999 1
quota 1 500000000 1
quota 1 500000001 1
quota 1 999999999 1
quota 1 1000000000 1
quota 1 1000000001 2
quota 1 10000000000 10
quota 1 86400000000000 86400
quota 2 1 1
quota 2 2 1
quota 2 499999999 1
quota 2 500000000 1
quota 2 500000001 2
quota 2 999999999 2
quota 2 1000000000 2
quota 2 1000000001 3
quota 2 10000000000 20
quota 2 86400000000000 172800
quota 3 1 1
quota 3 2 1
quota 3 499999999 2
quota 3 500000000 2
quota 3 500000001 2
quota 3 999999999 3
quota 3 1000000000 3
quota 3 1000000001 4
quota 3 10000000000 30
quota 3 86400000000000 259200
quota 1000 1 1
quota 1000 2 1
quota 1000 499999999 500
quota 1000 500000000 500
quota 1000 500000001 501
quota 1000 999999999 1000
quota 1000 1000000000 1000
quota 1000 1000000001 1001
quota 1000 10000000000 10000
quota 1000 86400000000000 86400000
quota 1024 1 1
quota 1024 2 1
quota 1024 499999999 512
quota 1024 500000000 512
quota 1024 500000001 513
quota 1024 999999999 1024
quota 1024 1000000000 1024
quota 1024 1000000001 1025
quota 1024 10000000000 10240
quota 1024 86400000000000 88473600
quota 8192 1 1
quota 8192 2 1
quota 8192 499999999 4096
quota 8192 500000000 4096
quota 8192 500000001 4097
quota 8192 999999999 8192
quota 8192 1000000000 8192
quota 8192 1000000001 8193
quota 8192 10000000000 81920
quota 8192 86400000000000 707788800
quota 16383 1 1
quota 16383 2 1
quota 16383 499999999 8192
quota 16383 500000000 8192
quota 16383 500000001 8192
quota 16383 999999999 16383
quota 16383 1000000000 16383
quota 16383 1000000001 16384
quota 16383 10000000000 163830
quota 16383 86400000000000 1415491200
quota 16384 1 1
quota 16384 2 1
quota 16384 499999999 8192
quota 16384 500000000 8192
quota 16384 500000001 8193
quota 16384 999999999 16384
quota 16384 1000000000 16384
quota 16384 1000000001 16385
quota 16384 10000000000 163840
quota 16384 86400000000000 1415577600
quota 4294967295 1 5
quota 4294967295 2 9
quota 4294967295 499999999 2147483644
quota 4294967295 500000000 2147483648
quota 4294967295 500000001 2147483652
quota 4294967295 999999999 4294967291
quota 4294967295 1000000000 4294967295
quota 4294967295 1000000001 4294967300
quota 4294967295 10000000000 42949672950
quota 4294967295 86400000000000 371085174288000
meter 1 10000000000 10000000000 1 2 10000000007 0 6 never
meter 1 10000000000 10000000000 1 2 10000000007 10000000007 6 never
meter 1 10000000000 10000000000 1 2 10000000007 15000000007 6 never
meter 1 10000000000 10000000000 1 2 10000000007 20000000006 6 never
meter 1 10000000000 10000000000 1 3 10000000007 0 6 never
meter 1 10000000000 10000000000 1 3 10000000007 10000000007 6 never
meter 1 10000000000 10000000000 1 3 10000000007 15000000007 6 never
meter 1 10000000000 10000000000 1 3 10000000007 20000000006 6 never
meter 4 10000000000 10000000000 1 8 10000000007 0 6 never
meter 4 10000000000 10000000000 1 8 10000000007 10000000007 6 never
meter 4 10000000000 10000000000 1 8 10000000007 15000000007 6 never
meter 4 10000000000 10000000000 1 8 10000000007 20000000006 6 never
meter 4 10000000000 10000000000 1 12 10000000007 0 6 never
meter 4 10000000000 10000000000 1 12 10000000007 10000000007 6 never
meter 4 10000000000 10000000000 1 12 10000000007 15000000007 6 never
meter 4 10000000000 10000000000 1 12 10000000007 20000000006 6 never
meter 51 10000000000 10000000000 1024 102 10000000007 0 6 never
meter 51 10000000000 10000000000 1024 102 10000000007 10000000007 6 never
meter 51 10000000000 10000000000 1024 102 10000000007 15000000007 6 never
meter 51 10000000000 10000000000 1024 102 10000000007 20000000006 6 short 1
meter 51 10000000000 10000000000 1024 153 10000000007 0 6 never
meter 51 10000000000 10000000000 1024 153 10000000007 10000000007 6 never
meter 51 10000000000 10000000000 1024 153 10000000007 15000000007 6 never
meter 51 10000000000 10000000000 1024 153 10000000007 20000000006 6 never
meter 52 10000000000 10000000000 1024 104 10000000007 0 6 never
meter 52 10000000000 10000000000 1024 104 10000000007 10000000007 6 never
meter 52 10000000000 10000000000 1024 104 10000000007 15000000007 6 never
meter 52 10000000000 10000000000 1024 104 10000000007 20000000006 6 never
meter 52 10000000000 10000000000 1024 156 10000000007 0 6 never
meter 52 10000000000 10000000000 1024 156 10000000007 10000000007 6 never
meter 52 10000000000 10000000000 1024 156 10000000007 15000000007 6 never
meter 52 10000000000 10000000000 1024 156 10000000007 20000000006 6 never
meter 208 10000000000 10000000000 1024 416 10000000007 0 6 never
meter 208 10000000000 10000000000 1024 416 10000000007 10000000007 6 never
meter 208 10000000000 10000000000 1024 416 10000000007 15000000007 6 never
meter 208 10000000000 10000000000 1024 416 10000000007 20000000006 6 never
meter 208 10000000000 10000000000 1024 624 10000000007 0 6 never
meter 208 10000000000 10000000000 1024 624 10000000007 10000000007 6 never
meter 208 10000000000 10000000000 1024 624 10000000007 15000000007 6 never
meter 208 10000000000 10000000000 1024 624 10000000007 20000000006 6 never
meter 819 10000000000 10000000000 16384 1638 10000000007 0 6 never
meter 819 10000000000 10000000000 16384 1638 10000000007 10000000007 6 never
meter 819 10000000000 10000000000 16384 1638 10000000007 15000000007 6 never
meter 819 10000000000 10000000000 16384 1638 10000000007 20000000006 6 short 1
meter 819 10000000000 10000000000 16384 2457 10000000007 0 6 never
meter 819 10000000000 10000000000 16384 2457 10000000007 10000000007 6 never
meter 819 10000000000 10000000000 16384 2457 10000000007 15000000007 6 never
meter 819 10000000000 10000000000 16384 2457 10000000007 20000000006 6 never
meter 820 10000000000 10000000000 16384 1640 10000000007 0 6 never
meter 820 10000000000 10000000000 16384 1640 10000000007 10000000007 6 never
meter 820 10000000000 10000000000 16384 1640 10000000007 15000000007 6 never
meter 820 10000000000 10000000000 16384 1640 10000000007 20000000006 6 never
meter 820 10000000000 10000000000 16384 2460 10000000007 0 6 never
meter 820 10000000000 10000000000 16384 2460 10000000007 10000000007 6 never
meter 820 10000000000 10000000000 16384 2460 10000000007 15000000007 6 never
meter 820 10000000000 10000000000 16384 2460 10000000007 20000000006 6 never
meter 3280 10000000000 10000000000 16384 6560 10000000007 0 6 never
meter 3280 10000000000 10000000000 16384 6560 10000000007 10000000007 6 never
meter 3280 10000000000 10000000000 16384 6560 10000000007 15000000007 6 never
meter 3280 10000000000 10000000000 16384 6560 10000000007 20000000006 6 never
meter 3280 10000000000 10000000000 16384 9840 10000000007 0 6 never
meter 3280 10000000000 10000000000 16384 9840 10000000007 10000000007 6 never
meter 3280 10000000000 10000000000 16384 9840 10000000007 15000000007 6 never
meter 3280 10000000000 10000000000 16384 9840 10000000007 20000000006 6 never
meter 1 10000000000 1 1 2 10000000007 0 6 never
meter 1 10000000000 1 1 2 10000000007 10000000007 6 never
meter 1 10000000000 1 1 3 10000000007 0 6 never
meter 1 10000000000 1 1 3 10000000007 10000000007 6 never
meter 4 10000000000 1 1 8 10000000007 0 6 never
meter 4 10000000000 1 1 8 10000000007 10000000007 6 never
meter 4 10000000000 1 1 12 10000000007 0 6 never
meter 4 10000000000 1 1 12 10000000007 10000000007 6 never
meter 51 10000000000 1 1024 102 10000000007 0 6 never
meter 51 10000000000 1 1024 102 10000000007 10000000007 6 short 1
meter 51 10000000000 1 1024 153 10000000007 0 6 never
meter 51 10000000000 1 1024 153 10000000007 10000000007 6 never
meter 52 10000000000 1 1024 104 10000000007 0 6 never
meter 52 10000000000 1 1024 104 10000000007 10000000007 6 never
meter 52 10000000000 1 1024 156 10000000007 0 6 never
meter 52 10000000000 1 1024 156 10000000007 10000000007 6 never
meter 208 10000000000 1 1024 416 10000000007 0 6 never
meter 208 10000000000 1 1024 416 10000000007 10000000007 6 never
meter 208 10000000000 1 1024 624 10000000007 0 6 never
meter 208 10000000000 1 1024 624 10000000007 10000000007 6 never
meter 819 10000000000 1 16384 1638 10000000007 0 6 never
meter 819 10000000000 1 16384 1638 10000000007 10000000007 6 short 1
meter 819 10000000000 1 16384 2457 10000000007 0 6 never
meter 819 10000000000 1 16384 2457 10000000007 10000000007 6 never
meter 820 10000000000 1 16384 1640 10000000007 0 6 never
meter 820 10000000000 1 16384 1640 10000000007 10000000007 6 never
meter 820 10000000000 1 16384 2460 10000000007 0 6 never
meter 820 10000000000 1 16384 2460 10000000007 10000000007 6 never
meter 3280 10000000000 1 16384 6560 10000000007 0 6 never
meter 3280 10000000000 1 16384 6560 10000000007 10000000007 6 never
meter 3280 10000000000 1 16384 9840 10000000007 0 6 never
meter 3280 10000000000 1 16384 9840 10000000007 10000000007 6 never
meter 1 1000000000 10000000000 1 2 1000000007 0 6 never
meter 1 1000000000 10000000000 1 2 1000000007 1000000007 6 never
meter 1 1000000000 10000000000 1 2 1000000007 6000000007 6 never
meter 1 1000000000 10000000000 1 2 1000000007 11000000006 6 never
meter 1 1000000000 10000000000 1 3 1000000007 0 6 never
meter 1 1000000000 10000000000 1 3 1000000007 1000000007 6 never
meter 1 1000000000 10000000000 1 3 1000000007 6000000007 6 never
meter 1 1000000000 10000000000 1 3 1000000007 11000000006 6 never
meter 4 1000000000 10000000000 1 8 1000000007 0 6 never
meter 4 1000000000 10000000000 1 8 1000000007 1000000007 6 never
meter 4 1000000000 10000000000 1 8 1000000007 6000000007 6 never
meter 4 1000000000 10000000000 1 8 1000000007 11000000006 6 never
meter 4 1000000000 10000000000 1 12 1000000007 0 6 never
meter 4 1000000000 10000000000 1 12 1000000007 1000000007 6 never
meter 4 1000000000 10000000000 1 12 1000000007 6000000007 6 never
meter 4 1000000000 10000000000 1 12 1000000007 11000000006 6 never
meter 511 1000000000 10000000000 1024 1022 1000000007 0 6 never
meter 511 1000000000 10000000000 1024 1022 1000000007 1000000007 6 never
meter 511 1000000000 10000000000 1024 1022 1000000007 6000000007 6 never
meter 511 1000000000 10000000000 1024 1022 1000000007 11000000006 6 short 1
meter 511 1000000000 10000000000 1024 1533 1000000007 0 6 never
meter 511 1000000000 10000000000 1024 1533 1000000007 1000000007 6 never
meter 511 1000000000 10000000000 1024 1533 1000000007 6000000007 6 never
meter 511 1000000000 10000000000 1024 1533 1000000007 11000000006 6 never
meter 512 1000000000 10000000000 1024 1024 1000000007 0 6 never
meter 512 1000000000 10000000000 1024 1024 1000000007 1000000007 6 never
meter 512 1000000000 10000000000 1024 1024 1000000007 6000000007 6 never
meter 512 1000000000 10000000000 1024 1024 1000000007 11000000006 6 never
meter 512 1000000000 10000000000 1024 1536 1000000007 0 6 never
meter 512 1000000000 10000000000 1024 1536 1000000007 1000000007 6 never
meter 512 1000000000 10000000000 1024 1536 1000000007 6000000007 6 never
meter 512 1000000000 10000000000 1024 1536 1000000007 11000000006 6 never
meter 2048 1000000000 10000000000 1024 4096 1000000007 0 6 never
meter 2048 1000000000 10000000000 1024 4096 1000000007 1000000007 6 never
meter 2048 1000000000 10000000000 1024 4096 1000000007 6000000007 6 never
meter 2048 1000000000 10000000000 1024 4096 1000000007 11000000006 6 never
meter 2048 1000000000 10000000000 1024 6144 1000000007 0 6 never
meter 2048 1000000000 10000000000 1024 6144 1000000007 1000000007 6 never
meter 2048 1000000000 10000000000 1024 6144 1000000007 6000000007 6 never
meter 2048 1000000000 10000000000 1024 6144 1000000007 11000000006 6 never
meter 8191 1000000000 10000000000 16384 16382 1000000007 0 6 never
meter 8191 1000000000 10000000000 16384 16382 1000000007 1000000007 6 never
meter 8191 1000000000 10000000000 16384 16382 1000000007 6000000007 6 never
meter 8191 1000000000 10000000000 16384 16382 1000000007 11000000006 6 short 1
meter 8191 1000000000 10000000000 16384 24573 1000000007 0 6 never
meter 8191 1000000000 10000000000 16384 24573 1000000007 1000000007 6 never
meter 8191 1000000000 10000000000 16384 24573 1000000007 6000000007 6 never
meter 8191 1000000000 10000000000 16384 24573 1000000007 11000000006 6 never
meter 8192 1000000000 10000000000 16384 16384 1000000007 0 6 never
meter 8192 1000000000 10000000000 16384 16384 1000000007 1000000007 6 never
meter 8192 1000000000 10000000000 16384 16384 1000000007 6000000007 6 never
meter 8192 1000000000 10000000000 16384 16384 1000000007 11000000006 6 never
meter 8192 1000000000 10000000000 16384 24576 1000000007 0 6 never
meter 8192 1000000000 10000000000 16384 24576 1000000007 1000000007 6 never
meter 8192 1000000000 10000000000 16384 24576 1000000007 6000000007 6 never
meter 8192 1000000000 10000000000 16384 24576 1000000007 11000000006 6 never
meter 32768 1000000000 10000000000 16384 65536 1000000007 0 6 never
meter 32768 1000000000 10000000000 16384 65536 1000000007 1000000007 6 never
meter 32768 1000000000 10000000000 16384 65536 1000000007 6000000007 6 never
meter 32768 1000000000 10000000000 16384 65536 1000000007 11000000006 6 never
meter 32768 1000000000 10000000000 16384 98304 1000000007 0 6 never
meter 32768 1000000000 10000000000 16384 98304 1000000007 1000000007 6 never
meter 32768 1000000000 10000000000 16384 98304 1000000007 6000000007 6 never
meter 32768 1000000000 10000000000 16384 98304 1000000007 11000000006 6 never
meter 1 1000000000 1 1 2 1000000007 0 6 never
meter 1 1000000000 1 1 2 1000000007 1000000007 6 never
meter 1 1000000000 1 1 3 1000000007 0 6 never
meter 1 1000000000 1 1 3 1000000007 1000000007 6 never
meter 4 1000000000 1 1 8 1000000007 0 6 never
meter 4 1000000000 1 1 8 1000000007 1000000007 6 never
meter 4 1000000000 1 1 12 1000000007 0 6 never
meter 4 1000000000 1 1 12 1000000007 1000000007 6 never
meter 511 1000000000 1 1024 1022 1000000007 0 6 never
meter 511 1000000000 1 1024 1022 1000000007 1000000007 6 short 1
meter 511 1000000000 1 1024 1533 1000000007 0 6 never
meter 511 1000000000 1 1024 1533 1000000007 1000000007 6 never
meter 512 1000000000 1 1024 1024 1000000007 0 6 never
meter 512 1000000000 1 1024 1024 1000000007 1000000007 6 never
meter 512 1000000000 1 1024 1536 1000000007 0 6 never
meter 512 1000000000 1 1024 1536 1000000007 1000000007 6 never
meter 2048 1000000000 1 1024 4096 1000000007 0 6 never
meter 2048 1000000000 1 1024 4096 1000000007 1000000007 6 never
meter 2048 1000000000 1 1024 6144 1000000007 0 6 never
meter 2048 1000000000 1 1024 6144 1000000007 1000000007 6 never
meter 8191 1000000000 1 16384 16382 1000000007 0 6 never
meter 8191 1000000000 1 16384 16382 1000000007 1000000007 6 short 1
meter 8191 1000000000 1 16384 24573 1000000007 0 6 never
meter 8191 1000000000 1 16384 24573 1000000007 1000000007 6 never
meter 8192 1000000000 1 16384 16384 1000000007 0 6 never
meter 8192 1000000000 1 16384 16384 1000000007 1000000007 6 never
meter 8192 1000000000 1 16384 24576 1000000007 0 6 never
meter 8192 1000000000 1 16384 24576 1000000007 1000000007 6 never
meter 32768 1000000000 1 16384 65536 1000000007 0 6 never
meter 32768 1000000000 1 16384 65536 1000000007 1000000007 6 never
meter 32768 1000000000 1 16384 98304 1000000007 0 6 never
meter 32768 1000000000 1 16384 98304 1000000007 1000000007 6 never
meter 1 999999999 10000000000 1 2 1000000006 0 6 never
meter 1 999999999 10000000000 1 2 1000000006 1000000006 6 never
meter 1 999999999 10000000000 1 2 1000000006 6000000006 6 never
meter 1 999999999 10000000000 1 2 1000000006 11000000005 6 never
meter 1 999999999 10000000000 1 3 1000000006 0 6 never
meter 1 999999999 10000000000 1 3 1000000006 1000000006 6 never
meter 1 999999999 10000000000 1 3 1000000006 6000000006 6 never
meter 1 999999999 10000000000 1 3 1000000006 11000000005 6 never
meter 4 999999999 10000000000 1 8 1000000006 0 6 never
meter 4 999999999 10000000000 1 8 1000000006 1000000006 6 never
meter 4 999999999 10000000000 1 8 1000000006 6000000006 6 never
meter 4 999999999 10000000000 1 8 1000000006 11000000005 6 never
meter 4 999999999 10000000000 1 12 1000000006 0 6 never
meter 4 999999999 10000000000 1 12 1000000006 1000000006 6 never
meter 4 999999999 10000000000 1 12 1000000006 6000000006 6 never
meter 4 999999999 10000000000 1 12 1000000006 11000000005 6 never
meter 512 999999999 10000000000 1024 1024 1000000006 0 6 short 6
meter 512 999999999 10000000000 1024 1024 1000000006 1000000006 6 never
meter 512 999999999 10000000000 1024 1024 1000000006 6000000006 6 never
meter 512 999999999 10000000000 1024 1024 1000000006 11000000005 6 short 1
meter 512 999999999 10000000000 1024 1536 1000000006 0 6 never
meter 512 999999999 10000000000 1024 1536 1000000006 1000000006 6 never
meter 512 999999999 10000000000 1024 1536 1000000006 6000000006 6 never
meter 512 999999999 10000000000 1024 1536 1000000006 11000000005 6 never
meter 513 999999999 10000000000 1024 1026 1000000006 0 6 never
meter 513 999999999 10000000000 1024 1026 1000000006 1000000006 6 never
meter 513 999999999 10000000000 1024 1026 1000000006 6000000006 6 never
meter 513 999999999 10000000000 1024 1026 1000000006 11000000005 6 never
meter 513 999999999 10000000000 1024 1539 1000000006 0 6 never
meter 513 999999999 10000000000 1024 1539 1000000006 1000000006 6 never
meter 513 999999999 10000000000 1024 1539 1000000006 6000000006 6 never
meter 513 999999999 10000000000 1024 1539 1000000006 11000000005 6 never
meter 2052 999999999 10000000000 1024 4104 1000000006 0 6 never
meter 2052 999999999 10000000000 1024 4104 1000000006 1000000006 6 never
meter 2052 999999999 10000000000 1024 4104 1000000006 6000000006 6 never
meter 2052 999999999 10000000000 1024 4104 1000000006 11000000005 6 never
meter 2052 999999999 10000000000 1024 6156 1000000006 0 6 never
meter 2052 999999999 10000000000 1024 6156 1000000006 1000000006 6 never
meter 2052 999999999 10000000000 1024 6156 1000000006 6000000006 6 never
meter 2052 999999999 10000000000 1024 6156 1000000006 11000000005 6 never
meter 8192 999999999 10000000000 16384 16384 1000000006 0 6 short 6
meter 8192 999999999 10000000000 16384 16384 1000000006 1000000006 6 never
meter 8192 999999999 10000000000 16384 16384 1000000006 6000000006 6 never
meter 8192 999999999 10000000000 16384 16384 1000000006 11000000005 6 short 1
meter 8192 999999999 10000000000 16384 24576 1000000006 0 6 never
meter 8192 999999999 10000000000 16384 24576 1000000006 1000000006 6 never
meter 8192 999999999 10000000000 16384 24576 1000000006 6000000006 6 never
meter 8192 999999999 10000000000 16384 24576 1000000006 11000000005 6 never
meter 8193 999999999 10000000000 16384 16386 1000000006 0 6 never
meter 8193 999999999 10000000000 16384 16386 1000000006 1000000006 6 never
meter 8193 999999999 10000000000 16384 16386 1000000006 6000000006 6 never
meter 8193 999999999 10000000000 16384 16386 1000000006 11000000005 6 never
meter 8193 999999999 10000000000 16384 24579 1000000006 0 6 never
meter 8193 999999999 10000000000 16384 24579 1000000006 1000000006 6 never
meter 8193 999999999 10000000000 16384 24579 1000000006 6000000006 6 never
meter 8193 999999999 10000000000 16384 24579 1000000006 11000000005 6 never
meter 32772 999999999 10000000000 16384 65544 1000000006 0 6 never
meter 32772 999999999 10000000000 16384 65544 1000000006 1000000006 6 never
meter 32772 999999999 10000000000 16384 65544 1000000006 6000000006 6 never
meter 32772 999999999 10000000000 16384 65544 1000000006 11000000005 6 never
meter 32772 999999999 10000000000 16384 98316 1000000006 0 6 never
meter 32772 999999999 10000000000 16384 98316 1000000006 1000000006 6 never
meter 32772 999999999 10000000000 16384 98316 1000000006 6000000006 6 never
meter 32772 999999999 10000000000 16384 98316 1000000006 11000000005 6 never
meter 1 999999999 1 1 2 1000000006 0 6 never
meter 1 999999999 1 1 2 1000000006 1000000006 6 never
meter 1 999999999 1 1 3 1000000006 0 6 never
meter 1 999999999 1 1 3 1000000006 1000000006 6 never
meter 4 999999999 1 1 8 1000000006 0 6 never
meter 4 999999999 1 1 8 1000000006 1000000006 6 never
meter 4 999999999 1 1 12 1000000006 0 6 never
meter 4 999999999 1 1 12 1000000006 1000000006 6 never
meter 512 999999999 1 1024 1024 1000000006 0 6 never
meter 512 999999999 1 1024 1024 1000000006 1000000006 6 short 1
meter 512 999999999 1 1024 1536 1000000006 0 6 never
meter 512 999999999 1 1024 1536 1000000006 1000000006 6 never
meter 513 999999999 1 1024 1026 1000000006 0 6 never
meter 513 999999999 1 1024 1026 1000000006 1000000006 6 never
meter 513 999999999 1 1024 1539 1000000006 0 6 never
meter 513 999999999 1 1024 1539 1000000006 1000000006 6 never
meter 2052 999999999 1 1024 4104 1000000006 0 6 never
meter 2052 999999999 1 1024 4104 1000000006 1000000006 6 never
meter 2052 999999999 1 1024 6156 1000000006 0 6 never
meter 2052 999999999 1 1024 6156 1000000006 1000000006 6 never
meter 8192 999999999 1 16384 16384 1000000006 0 6 never
meter 8192 999999999 1 16384 16384 1000000006 1000000006 6 short 1
meter 8192 999999999 1 16384 24576 1000000006 0 6 never
meter 8192 999999999 1 16384 24576 1000000006 1000000006 6 never
meter 8193 999999999 1 16384 16386 1000000006 0 6 never
meter 8193 999999999 1 16384 16386 1000000006 1000000006 6 never
meter 8193 999999999 1 16384 24579 1000000006 0 6 never
meter 8193 999999999 1 16384 24579 1000000006 1000000006 6 never
meter 32772 999999999 1 16384 65544 1000000006 0 6 never
meter 32772 999999999 1 16384 65544 1000000006 1000000006 6 never
meter 32772 999999999 1 16384 98316 1000000006 0 6 never
meter 32772 999999999 1 16384 98316 1000000006 1000000006 6 never
meter 1 250000000 10000000000 1 2 250000007 0 6 short 2
meter 1 250000000 10000000000 1 2 250000007 250000007 6 short 2
meter 1 250000000 10000000000 1 2 250000007 5250000007 6 short 2
meter 1 250000000 10000000000 1 2 250000007 10250000006 6 short 1
meter 1 250000000 10000000000 1 3 250000007 0 6 short 4
meter 1 250000000 10000000000 1 3 250000007 250000007 6 short 4
meter 1 250000000 10000000000 1 3 250000007 5250000007 6 short 4
meter 1 250000000 10000000000 1 3 250000007 10250000006 6 short 1
meter 2 250000000 10000000000 1 4 250000007 0 6 never
meter 2 250000000 10000000000 1 4 250000007 250000007 6 never
meter 2 250000000 10000000000 1 4 250000007 5250000007 6 never
meter 2 250000000 10000000000 1 4 250000007 10250000006 6 never
meter 2 250000000 10000000000 1 6 250000007 0 6 never
meter 2 250000000 10000000000 1 6 250000007 250000007 6 never
meter 2 250000000 10000000000 1 6 250000007 5250000007 6 never
meter 2 250000000 10000000000 1 6 250000007 10250000006 6 never
meter 8 250000000 10000000000 1 16 250000007 0 6 never
meter 8 250000000 10000000000 1 16 250000007 250000007 6 never
meter 8 250000000 10000000000 1 16 250000007 5250000007 6 never
meter 8 250000000 10000000000 1 16 250000007 10250000006 6 never
meter 8 250000000 10000000000 1 24 250000007 0 6 never
meter 8 250000000 10000000000 1 24 250000007 250000007 6 never
meter 8 250000000 10000000000 1 24 250000007 5250000007 6 never
meter 8 250000000 10000000000 1 24 250000007 10250000006 6 never
meter 2047 250000000 10000000000 1024 4094 250000007 0 6 never
meter 2047 250000000 10000000000 1024 4094 250000007 250000007 6 never
meter 2047 250000000 10000000000 1024 4094 250000007 5250000007 6 never
meter 2047 250000000 10000000000 1024 4094 250000007 10250000006 6 short 1
meter 2047 250000000 10000000000 1024 6141 250000007 0 6 never
meter 2047 250000000 10000000000 1024 6141 250000007 250000007 6 never
meter 2047 250000000 10000000000 1024 6141 250000007 5250000007 6 never
meter 2047 250000000 10000000000 1024 6141 250000007 10250000006 6 never
meter 2048 250000000 10000000000 1024 4096 250000007 0 6 never
meter 2048 250000000 10000000000 1024 4096 250000007 250000007 6 never
meter 2048 250000000 10000000000 1024 4096 250000007 5250000007 6 never
meter 2048 250000000 10000000000 1024 4096 250000007 10250000006 6 never
meter 2048 250000000 10000000000 1024 6144 250000007 0 6 never
meter 2048 250000000 10000000000 1024 6144 250000007 250000007 6 never
meter 2048 250000000 10000000000 1024 6144 250000007 5250000007 6 never
meter 2048 250000000 10000000000 1024 6144 250000007 10250000006 6 never
meter 8192 250000000 10000000000 1024 16384 250000007 0 6 never
meter 8192 250000000 10000000000 1024 16384 250000007 250000007 6 never
meter 8192 250000000 10000000000 1024 16384 250000007 5250000007 6 never
meter 8192 250000000 10000000000 1024 16384 250000007 10250000006 6 never
meter 8192 250000000 10000000000 1024 24576 250000007 0 6 never
meter 8192 250000000 10000000000 1024 24576 250000007 250000007 6 never
meter 8192 250000000 10000000000 1024 24576 250000007 5250000007 6 never
meter 8192 250000000 10000000000 1024 24576 250000007 10250000006 6 never
meter 32767 250000000 10000000000 16384 65534 250000007 0 6 never
meter 32767 250000000 10000000000 16384 65534 250000007 250000007 6 never
meter 32767 250000000 10000000000 16384 65534 250000007 5250000007 6 never
meter 32767 250000000 10000000000 16384 65534 250000007 10250000006 6 short 1
meter 32767 250000000 10000000000 16384 98301 250000007 0 6 never
meter 32767 250000000 10000000000 16384 98301 250000007 250000007 6 never
meter 32767 250000000 10000000000 16384 98301 250000007 5250000007 6 never
meter 32767 250000000 10000000000 16384 98301 250000007 10250000006 6 never
meter 32768 250000000 10000000000 16384 65536 250000007 0 6 never
meter 32768 250000000 10000000000 16384 65536 250000007 250000007 6 never
meter 32768 250000000 10000000000 16384 65536 250000007 5250000007 6 never
meter 32768 250000000 10000000000 16384 65536 250000007 10250000006 6 never
meter 32768 250000000 10000000000 16384 98304 250000007 0 6 never
meter 32768 250000000 10000000000 16384 98304 250000007 250000007 6 never
meter 32768 250000000 10000000000 16384 98304 250000007 5250000007 6 never
meter 32768 250000000 10000000000 16384 98304 250000007 10250000006 6 never
meter 131072 250000000 10000000000 16384 262144 250000007 0 6 never
meter 131072 250000000 10000000000 16384 262144 250000007 250000007 6 never
meter 131072 250000000 10000000000 16384 262144 250000007 5250000007 6 never
meter 131072 250000000 10000000000 16384 262144 250000007 10250000006 6 never
meter 131072 250000000 10000000000 16384 393216 250000007 0 6 never
meter 131072 250000000 10000000000 16384 393216 250000007 250000007 6 never
meter 131072 250000000 10000000000 16384 393216 250000007 5250000007 6 never
meter 131072 250000000 10000000000 16384 393216 250000007 10250000006 6 never
meter 1 250000000 1 1 2 250000007 0 6 short 2
meter 1 250000000 1 1 2 250000007 250000007 6 short 1
meter 1 250000000 1 1 3 250000007 0 6 short 4
meter 1 250000000 1 1 3 250000007 250000007 6 short 1
meter 2 250000000 1 1 4 250000007 0 6 never
meter 2 250000000 1 1 4 250000007 250000007 6 never
meter 2 250000000 1 1 6 250000007 0 6 never
meter 2 250000000 1 1 6 250000007 250000007 6 never
meter 8 250000000 1 1 16 250000007 0 6 never
meter 8 250000000 1 1 16 250000007 250000007 6 never
meter 8 250000000 1 1 24 250000007 0 6 never
meter 8 250000000 1 1 24 250000007 250000007 6 never
meter 2047 250000000 1 1024 4094 250000007 0 6 never
meter 2047 250000000 1 1024 4094 250000007 250000007 6 short 1
meter 2047 250000000 1 1024 6141 250000007 0 6 never
meter 2047 250000000 1 1024 6141 250000007 250000007 6 never
meter 2048 250000000 1 1024 4096 250000007 0 6 never
meter 2048 250000000 1 1024 4096 250000007 250000007 6 never
meter 2048 250000000 1 1024 6144 250000007 0 6 never
meter 2048 250000000 1 1024 6144 250000007 250000007 6 never
meter 8192 250000000 1 1024 16384 250000007 0 6 never
meter 8192 250000000 1 1024 16384 250000007 250000007 6 never
meter 8192 250000000 1 1024 24576 250000007 0 6 never
meter 8192 250000000 1 1024 24576 250000007 250000007 6 never
meter 32767 250000000 1 16384 65534 250000007 0 6 never
meter 32767 250000000 1 16384 65534 250000007 250000007 6 short 1
meter 32767 250000000 1 16384 98301 250000007 0 6 never
meter 32767 250000000 1 16384 98301 250000007 250000007 6 never
meter 32768 250000000 1 16384 65536 250000007 0 6 never
meter 32768 250000000 1 16384 65536 250000007 250000007 6 never
meter 32768 250000000 1 16384 98304 250000007 0 6 never
meter 32768 250000000 1 16384 98304 250000007 250000007 6 never
meter 131072 250000000 1 16384 262144 250000007 0 6 never
meter 131072 250000000 1 16384 262144 250000007 250000007 6 never
meter 131072 250000000 1 16384 393216 250000007 0 6 never
meter 131072 250000000 1 16384 393216 250000007 250000007 6 never
meter 1024 10000000000 10000000000 16384 2048 10000000007 0 6 never
meter 1024 10000000000 10000000000 16384 2048 10000000007 10000000007 6 never
meter 1024 10000000000 10000000000 16384 2048 10000000007 15000000007 6 never
meter 1024 10000000000 10000000000 16384 2048 10000000007 20000000006 6 never
meter 1024 10000000000 10000000000 16384 3072 10000000007 0 6 never
meter 1024 10000000000 10000000000 16384 3072 10000000007 10000000007 6 never
meter 1024 10000000000 10000000000 16384 3072 10000000007 15000000007 6 never
meter 1024 10000000000 10000000000 16384 3072 10000000007 20000000006 6 never
