# decode largest len value number, largest - for none, from spec/lean/Colibri/Quic/PacketNumber.lean. Generated by spec/lean/Vectors.lean; do not edit.
decode 2821665002 2 39730 2821692210
decode - 1 0 0
decode - 1 1 1
decode - 1 255 255
decode - 1 127 127
decode - 1 128 128
decode - 1 129 129
decode 0 1 0 0
decode 0 1 1 1
decode 0 1 255 255
decode 0 1 2 2
decode 0 1 128 128
decode 0 1 129 129
decode 0 1 130 130
decode 1 1 0 0
decode 1 1 1 1
decode 1 1 255 255
decode 1 1 2 2
decode 1 1 3 3
decode 1 1 129 129
decode 1 1 130 130
decode 1 1 131 131
decode 126 1 0 0
decode 126 1 1 1
decode 126 1 255 255
decode 126 1 127 127
decode 126 1 128 128
decode 126 1 254 254
decode 126 1 126 126
decode 127 1 0 256
decode 127 1 1 1
decode 127 1 255 255
decode 127 1 128 128
decode 127 1 129 129
decode 127 1 127 127
decode 254 1 0 256
decode 254 1 1 257
decode 254 1 255 255
decode 254 1 126 382
decode 254 1 127 383
decode 254 1 128 128
decode 254 1 254 254
decode 255 1 0 256
decode 255 1 1 257
decode 255 1 255 255
decode 255 1 127 383
decode 255 1 128 384
decode 255 1 129 129
decode 256 1 0 256
decode 256 1 1 257
decode 256 1 255 255
decode 256 1 2 258
decode 256 1 128 384
decode 256 1 129 385
decode 256 1 130 130
decode 2821665002 1 0 2821665024
decode 2821665002 1 1 2821665025
decode 2821665002 1 255 2821665023
decode 2821665002 1 235 2821665003
decode 2821665002 1 236 2821665004
decode 2821665002 1 106 2821665130
decode 2821665002 1 107 2821665131
decode 2821665002 1 108 2821664876
decode 2821665002 1 234 2821665002
decode 1099511627776 1 0 1099511627776
decode 1099511627776 1 1 1099511627777
decode 1099511627776 1 255 1099511627775
decode 1099511627776 1 2 1099511627778
decode 1099511627776 1 128 1099511627904
decode 1099511627776 1 129 1099511627905
decode 1099511627776 1 130 1099511627650
decode 4611686018427387647 1 0 4611686018427387648
decode 4611686018427387647 1 1 4611686018427387649
decode 4611686018427387647 1 255 4611686018427387647
decode 4611686018427387647 1 127 4611686018427387775
decode 4611686018427387647 1 128 4611686018427387776
decode 4611686018427387647 1 129 4611686018427387521
decode 4611686018427387775 1 0 4611686018427387648
decode 4611686018427387775 1 1 4611686018427387649
decode 4611686018427387775 1 255 4611686018427387903
decode 4611686018427387775 1 128 4611686018427387776
decode 4611686018427387775 1 129 4611686018427387777
decode 4611686018427387775 1 127 4611686018427387775
decode 4611686018427387902 1 0 4611686018427387648
decode 4611686018427387902 1 1 4611686018427387649
decode 4611686018427387902 1 255 4611686018427387903
decode 4611686018427387902 1 126 4611686018427387774
decode 4611686018427387902 1 127 4611686018427387775
decode 4611686018427387902 1 128 4611686018427387776
decode 4611686018427387902 1 254 4611686018427387902
decode 4611686018427387903 1 0 4611686018427387648
decode 4611686018427387903 1 1 4611686018427387649
decode 4611686018427387903 1 255 4611686018427387903
decode 4611686018427387903 1 127 4611686018427387775
decode 4611686018427387903 1 128 4611686018427387776
decode 4611686018427387903 1 129 4611686018427387777
decode - 2 0 0
decode - 2 1 1
decode - 2 65535 65535
decode - 2 32767 32767
decode - 2 32768 32768
decode - 2 32769 32769
decode 0 2 0 0
decode 0 2 1 1
decode 0 2 65535 65535
decode 0 2 2 2
decode 0 2 32768 32768
decode 0 2 32769 32769
decode 0 2 32770 32770
decode 1 2 0 0
decode 1 2 1 1
decode 1 2 65535 65535
decode 1 2 2 2
decode 1 2 3 3
decode 1 2 32769 32769
decode 1 2 32770 32770
decode 1 2 32771 32771
decode 32766 2 0 0
decode 32766 2 1 1
decode 32766 2 65535 65535
decode 32766 2 32767 32767
decode 32766 2 32768 32768
decode 32766 2 65534 65534
decode 32766 2 32766 32766
decode 32767 2 0 65536
decode 32767 2 1 1
decode 32767 2 65535 65535
decode 32767 2 32768 32768
decode 32767 2 32769 32769
decode 32767 2 32767 32767
decode 65534 2 0 65536
decode 65534 2 1 65537
decode 65534 2 65535 65535
decode 65534 2 32766 98302
decode 65534 2 32767 98303
decode 65534 2 32768 32768
decode 65534 2 65534 65534
decode 65535 2 0 65536
decode 65535 2 1 65537
decode 65535 2 65535 65535
decode 65535 2 32767 98303
decode 65535 2 32768 98304
decode 65535 2 32769 32769
decode 65536 2 0 65536
decode 65536 2 1 65537
decode 65536 2 65535 65535
decode 65536 2 2 65538
decode 65536 2 32768 98304
decode 65536 2 32769 98305
decode 65536 2 32770 32770
decode 2821665002 2 0 2821652480
decode 2821665002 2 1 2821652481
decode 2821665002 2 65535 2821652479
decode 2821665002 2 12523 2821665003
decode 2821665002 2 12524 2821665004
decode 2821665002 2 45290 2821697770
decode 2821665002 2 45291 2821697771
decode 2821665002 2 45292 2821632236
decode 2821665002 2 12522 2821665002
decode 1099511627776 2 0 1099511627776
decode 1099511627776 2 1 1099511627777
decode 1099511627776 2 65535 1099511627775
decode 1099511627776 2 2 1099511627778
decode 1099511627776 2 32768 1099511660544
decode 1099511627776 2 32769 1099511660545
decode 1099511627776 2 32770 1099511595010
decode 4611686018427322367 2 0 4611686018427322368
decode 4611686018427322367 2 1 4611686018427322369
decode 4611686018427322367 2 65535 4611686018427322367
decode 4611686018427322367 2 32767 4611686018427355135
decode 4611686018427322367 2 32768 4611686018427355136
decode 4611686018427322367 2 32769 4611686018427289601
decode 4611686018427355135 2 0 4611686018427322368
decode 4611686018427355135 2 1 4611686018427322369
decode 4611686018427355135 2 65535 4611686018427387903
decode 4611686018427355135 2 32768 4611686018427355136
decode 4611686018427355135 2 32769 4611686018427355137
decode 4611686018427355135 2 32767 4611686018427355135
decode 4611686018427387902 2 0 4611686018427322368
decode 4611686018427387902 2 1 4611686018427322369
decode 4611686018427387902 2 65535 4611686018427387903
decode 4611686018427387902 2 32766 4611686018427355134
decode 4611686018427387902 2 32767 4611686018427355135
decode 4611686018427387902 2 32768 4611686018427355136
decode 4611686018427387902 2 65534 4611686018427387902
decode 4611686018427387903 2 0 4611686018427322368
decode 4611686018427387903 2 1 4611686018427322369
decode 4611686018427387903 2 65535 4611686018427387903
decode 4611686018427387903 2 32767 4611686018427355135
decode 4611686018427387903 2 32768 4611686018427355136
decode 4611686018427387903 2 32769 4611686018427355137
decode - 3 0 0
decode - 3 1 1
decode - 3 16777215 16777215
decode - 3 8388607 8388607
decode - 3 8388608 8388608
decode - 3 8388609 8388609
decode 0 3 0 0
decode 0 3 1 1
decode 0 3 16777215 16777215
decode 0 3 2 2
decode 0 3 8388608 8388608
decode 0 3 8388609 8388609
decode 0 3 8388610 8388610
decode 1 3 0 0
decode 1 3 1 1
decode 1 3 16777215 16777215
decode 1 3 2 2
decode 1 3 3 3
decode 1 3 8388609 8388609
decode 1 3 8388610 8388610
decode 1 3 8388611 8388611
decode 8388606 3 0 0
decode 8388606 3 1 1
decode 8388606 3 16777215 16777215
decode 8388606 3 8388607 8388607
decode 8388606 3 8388608 8388608
decode 8388606 3 16777214 16777214
decode 8388606 3 8388606 8388606
decode 8388607 3 0 16777216
decode 8388607 3 1 1
decode 8388607 3 16777215 16777215
decode 8388607 3 8388608 8388608
decode 8388607 3 8388609 8388609
decode 8388607 3 8388607 8388607
decode 16777214 3 0 16777216
decode 16777214 3 1 16777217
decode 16777214 3 16777215 16777215
decode 16777214 3 8388606 25165822
decode 16777214 3 8388607 25165823
decode 16777214 3 8388608 8388608
decode 16777214 3 16777214 16777214
decode 16777215 3 0 16777216
decode 16777215 3 1 16777217
decode 16777215 3 16777215 16777215
decode 16777215 3 8388607 25165823
decode 16777215 3 8388608 25165824
decode 16777215 3 8388609 8388609
decode 16777216 3 0 16777216
decode 16777216 3 1 16777217
decode 16777216 3 16777215 16777215
decode 16777216 3 2 16777218
decode 16777216 3 8388608 25165824
decode 16777216 3 8388609 25165825
decode 16777216 3 8388610 8388610
decode 2821665002 3 0 2818572288
decode 2821665002 3 1 2818572289
decode 2821665002 3 16777215 2818572287
decode 2821665002 3 3092715 2821665003
decode 2821665002 3 3092716 2821665004
decode 2821665002 3 11481322 2830053610
decode 2821665002 3 11481323 2830053611
decode 2821665002 3 11481324 2813276396
decode 2821665002 3 3092714 2821665002
decode 1099511627776 3 0 1099511627776
decode 1099511627776 3 1 1099511627777
decode 1099511627776 3 16777215 1099511627775
decode 1099511627776 3 2 1099511627778
decode 1099511627776 3 8388608 1099520016384
decode 1099511627776 3 8388609 1099520016385
decode 1099511627776 3 8388610 1099503239170
decode 4611686018410610687 3 0 4611686018410610688
decode 4611686018410610687 3 1 4611686018410610689
decode 4611686018410610687 3 16777215 4611686018410610687
decode 4611686018410610687 3 8388607 4611686018418999295
decode 4611686018410610687 3 8388608 4611686018418999296
decode 4611686018410610687 3 8388609 4611686018402222081
decode 4611686018418999295 3 0 4611686018410610688
decode 4611686018418999295 3 1 4611686018410610689
decode 4611686018418999295 3 16777215 4611686018427387903
decode 4611686018418999295 3 8388608 4611686018418999296
decode 4611686018418999295 3 8388609 4611686018418999297
decode 4611686018418999295 3 8388607 4611686018418999295
decode 4611686018427387902 3 0 4611686018410610688
decode 4611686018427387902 3 1 4611686018410610689
decode 4611686018427387902 3 16777215 4611686018427387903
decode 4611686018427387902 3 8388606 4611686018418999294
decode 4611686018427387902 3 8388607 4611686018418999295
decode 4611686018427387902 3 8388608 4611686018418999296
decode 4611686018427387902 3 16777214 4611686018427387902
decode 4611686018427387903 3 0 4611686018410610688
decode 4611686018427387903 3 1 4611686018410610689
decode 4611686018427387903 3 16777215 4611686018427387903
decode 4611686018427387903 3 8388607 4611686018418999295
decode 4611686018427387903 3 8388608 4611686018418999296
decode 4611686018427387903 3 8388609 4611686018418999297
decode - 4 0 0
decode - 4 1 1
decode - 4 4294967295 4294967295
decode - 4 2147483647 2147483647
decode - 4 2147483648 2147483648
decode - 4 2147483649 2147483649
decode 0 4 0 0
decode 0 4 1 1
decode 0 4 4294967295 4294967295
decode 0 4 2 2
decode 0 4 2147483648 2147483648
decode 0 4 2147483649 2147483649
decode 0 4 2147483650 2147483650
decode 1 4 0 0
decode 1 4 1 1
decode 1 4 4294967295 4294967295
decode 1 4 2 2
decode 1 4 3 3
decode 1 4 2147483649 2147483649
decode 1 4 2147483650 2147483650
decode 1 4 2147483651 2147483651
decode 2147483646 4 0 0
decode 2147483646 4 1 1
decode 2147483646 4 4294967295 4294967295
decode 2147483646 4 2147483647 2147483647
decode 2147483646 4 2147483648 2147483648
decode 2147483646 4 4294967294 4294967294
decode 2147483646 4 2147483646 2147483646
decode 2147483647 4 0 4294967296
decode 2147483647 4 1 1
decode 2147483647 4 4294967295 4294967295
decode 2147483647 4 2147483648 2147483648
decode 2147483647 4 2147483649 2147483649
decode 2147483647 4 2147483647 2147483647
decode 4294967294 4 0 4294967296
decode 4294967294 4 1 4294967297
decode 4294967294 4 4294967295 4294967295
decode 4294967294 4 2147483646 6442450942
decode 4294967294 4 2147483647 6442450943
decode 4294967294 4 2147483648 2147483648
decode 4294967294 4 4294967294 4294967294
decode 4294967295 4 0 4294967296
decode 4294967295 4 1 4294967297
decode 4294967295 4 4294967295 4294967295
decode 4294967295 4 2147483647 6442450943
decode 4294967295 4 2147483648 6442450944
decode 4294967295 4 2147483649 2147483649
decode 4294967296 4 0 4294967296
decode 4294967296 4 1 4294967297
decode 4294967296 4 4294967295 4294967295
decode 4294967296 4 2 4294967298
decode 4294967296 4 2147483648 6442450944
decode 4294967296 4 2147483649 6442450945
decode 4294967296 4 2147483650 2147483650
decode 2821665002 4 0 4294967296
decode 2821665002 4 1 4294967297
decode 2821665002 4 4294967295 4294967295
decode 2821665002 4 2821665003 2821665003
decode 2821665002 4 2821665004 2821665004
decode 2821665002 4 674181354 4969148650
decode 2821665002 4 674181355 4969148651
decode 2821665002 4 674181356 674181356
decode 2821665002 4 2821665002 2821665002
decode 1099511627776 4 0 1099511627776
decode 1099511627776 4 1 1099511627777
decode 1099511627776 4 4294967295 1099511627775
decode 1099511627776 4 2 1099511627778
decode 1099511627776 4 2147483648 1101659111424
decode 1099511627776 4 2147483649 1101659111425
decode 1099511627776 4 2147483650 1097364144130
decode 4611686014132420607 4 0 4611686014132420608
decode 4611686014132420607 4 1 4611686014132420609
decode 4611686014132420607 4 4294967295 4611686014132420607
decode 4611686014132420607 4 2147483647 4611686016279904255
decode 4611686014132420607 4 2147483648 4611686016279904256
decode 4611686014132420607 4 2147483649 4611686011984936961
decode 4611686016279904255 4 0 4611686014132420608
decode 4611686016279904255 4 1 4611686014132420609
decode 4611686016279904255 4 4294967295 4611686018427387903
decode 4611686016279904255 4 2147483648 4611686016279904256
decode 4611686016279904255 4 2147483649 4611686016279904257
decode 4611686016279904255 4 2147483647 4611686016279904255
decode 4611686018427387902 4 0 4611686014132420608
decode 4611686018427387902 4 1 4611686014132420609
decode 4611686018427387902 4 4294967295 4611686018427387903
decode 4611686018427387902 4 2147483646 4611686016279904254
decode 4611686018427387902 4 2147483647 4611686016279904255
decode 4611686018427387902 4 2147483648 4611686016279904256
decode 4611686018427387902 4 4294967294 4611686018427387902
decode 4611686018427387903 4 0 4611686014132420608
decode 4611686018427387903 4 1 4611686014132420609
decode 4611686018427387903 4 4294967295 4611686018427387903
decode 4611686018427387903 4 2147483647 4611686016279904255
decode 4611686018427387903 4 2147483648 4611686016279904256
decode 4611686018427387903 4 2147483649 4611686016279904257
