# encoded total max_entries required, from spec/lean/Colibri/Qpack/InsertCount.lean. Generated by spec/lean/Vectors.lean; do not edit.
0 0 0 0
1 0 0 error
2 0 0 error
0 1 0 0
1 1 0 error
2 1 0 error
0 2 0 0
1 2 0 error
2 2 0 error
0 0 1 0
1 0 1 error
2 0 1 1
3 0 1 error
4 0 1 error
0 1 1 0
1 1 1 2
2 1 1 1
3 1 1 error
4 1 1 error
0 2 1 0
1 2 1 2
2 2 1 3
3 2 1 error
4 2 1 error
0 3 1 0
1 3 1 4
2 3 1 3
3 3 1 error
4 3 1 error
0 4 1 0
1 4 1 4
2 4 1 5
3 4 1 error
4 4 1 error
0 5 1 0
1 5 1 6
2 5 1 5
3 5 1 error
4 5 1 error
0 6 1 0
1 6 1 6
2 6 1 7
3 6 1 error
4 6 1 error
0 0 2 0
1 0 2 error
2 0 2 1
3 0 2 2
4 0 2 error
5 0 2 error
6 0 2 error
0 1 2 0
1 1 2 error
2 1 2 1
3 1 2 2
4 1 2 3
5 1 2 error
6 1 2 error
0 2 2 0
1 2 2 4
2 2 2 1
3 2 2 2
4 2 2 3
5 2 2 error
6 2 2 error
0 3 2 0
1 3 2 4
2 3 2 5
3 3 2 2
4 3 2 3
5 3 2 error
6 3 2 error
0 4 2 0
1 4 2 4
2 4 2 5
3 4 2 6
4 4 2 3
5 4 2 error
6 4 2 error
0 5 2 0
1 5 2 4
2 5 2 5
3 5 2 6
4 5 2 7
5 5 2 error
6 5 2 error
0 6 2 0
1 6 2 8
2 6 2 5
3 6 2 6
4 6 2 7
5 6 2 error
6 6 2 error
0 7 2 0
1 7 2 8
2 7 2 9
3 7 2 6
4 7 2 7
5 7 2 error
6 7 2 error
0 8 2 0
1 8 2 8
2 8 2 9
3 8 2 10
4 8 2 7
5 8 2 error
6 8 2 error
0 9 2 0
1 9 2 8
2 9 2 9
3 9 2 10
4 9 2 11
5 9 2 error
6 9 2 error
0 10 2 0
1 10 2 12
2 10 2 9
3 10 2 10
4 10 2 11
5 10 2 error
6 10 2 error
0 0 3 0
1 0 3 error
2 0 3 1
3 0 3 2
4 0 3 3
5 0 3 error
6 0 3 error
7 0 3 error
8 0 3 error
0 1 3 0
1 1 3 error
2 1 3 1
3 1 3 2
4 1 3 3
5 1 3 4
6 1 3 error
7 1 3 error
8 1 3 error
0 2 3 0
1 2 3 error
2 2 3 1
3 2 3 2
4 2 3 3
5 2 3 4
6 2 3 5
7 2 3 error
8 2 3 error
0 3 3 0
1 3 3 6
2 3 3 1
3 3 3 2
4 3 3 3
5 3 3 4
6 3 3 5
7 3 3 error
8 3 3 error
0 4 3 0
1 4 3 6
2 4 3 7
3 4 3 2
4 4 3 3
5 4 3 4
6 4 3 5
7 4 3 error
8 4 3 error
0 5 3 0
1 5 3 6
2 5 3 7
3 5 3 8
4 5 3 3
5 5 3 4
6 5 3 5
7 5 3 error
8 5 3 error
0 6 3 0
1 6 3 6
2 6 3 7
3 6 3 8
4 6 3 9
5 6 3 4
6 6 3 5
7 6 3 error
8 6 3 error
0 7 3 0
1 7 3 6
2 7 3 7
3 7 3 8
4 7 3 9
5 7 3 10
6 7 3 5
7 7 3 error
8 7 3 error
0 8 3 0
1 8 3 6
2 8 3 7
3 8 3 8
4 8 3 9
5 8 3 10
6 8 3 11
7 8 3 error
8 8 3 error
0 9 3 0
1 9 3 12
2 9 3 7
3 9 3 8
4 9 3 9
5 9 3 10
6 9 3 11
7 9 3 error
8 9 3 error
0 10 3 0
1 10 3 12
2 10 3 13
3 10 3 8
4 10 3 9
5 10 3 10
6 10 3 11
7 10 3 error
8 10 3 error
0 11 3 0
1 11 3 12
2 11 3 13
3 11 3 14
4 11 3 9
5 11 3 10
6 11 3 11
7 11 3 error
8 11 3 error
0 12 3 0
1 12 3 12
2 12 3 13
3 12 3 14
4 12 3 15
5 12 3 10
6 12 3 11
7 12 3 error
8 12 3 error
0 13 3 0
1 13 3 12
2 13 3 13
3 13 3 14
4 13 3 15
5 13 3 16
6 13 3 11
7 13 3 error
8 13 3 error
0 14 3 0
1 14 3 12
2 14 3 13
3 14 3 14
4 14 3 15
5 14 3 16
6 14 3 17
7 14 3 error
8 14 3 error
0 0 4 0
1 0 4 error
2 0 4 1
3 0 4 2
4 0 4 3
5 0 4 4
6 0 4 error
7 0 4 error
8 0 4 error
9 0 4 error
10 0 4 error
0 1 4 0
1 1 4 error
2 1 4 1
3 1 4 2
4 1 4 3
5 1 4 4
6 1 4 5
7 1 4 error
8 1 4 error
9 1 4 error
10 1 4 error
0 2 4 0
1 2 4 error
2 2 4 1
3 2 4 2
4 2 4 3
5 2 4 4
6 2 4 5
7 2 4 6
8 2 4 error
9 2 4 error
10 2 4 error
0 3 4 0
1 3 4 error
2 3 4 1
3 3 4 2
4 3 4 3
5 3 4 4
6 3 4 5
7 3 4 6
8 3 4 7
9 3 4 error
10 3 4 error
0 4 4 0
1 4 4 8
2 4 4 1
3 4 4 2
4 4 4 3
5 4 4 4
6 4 4 5
7 4 4 6
8 4 4 7
9 4 4 error
10 4 4 error
0 5 4 0
1 5 4 8
2 5 4 9
3 5 4 2
4 5 4 3
5 5 4 4
6 5 4 5
7 5 4 6
8 5 4 7
9 5 4 error
10 5 4 error
0 6 4 0
1 6 4 8
2 6 4 9
3 6 4 10
4 6 4 3
5 6 4 4
6 6 4 5
7 6 4 6
8 6 4 7
9 6 4 error
10 6 4 error
0 7 4 0
1 7 4 8
2 7 4 9
3 7 4 10
4 7 4 11
5 7 4 4
6 7 4 5
7 7 4 6
8 7 4 7
9 7 4 error
10 7 4 error
0 8 4 0
1 8 4 8
2 8 4 9
3 8 4 10
4 8 4 11
5 8 4 12
6 8 4 5
7 8 4 6
8 8 4 7
9 8 4 error
10 8 4 error
0 9 4 0
1 9 4 8
2 9 4 9
3 9 4 10
4 9 4 11
5 9 4 12
6 9 4 13
7 9 4 6
8 9 4 7
9 9 4 error
10 9 4 error
0 10 4 0
1 10 4 8
2 10 4 9
3 10 4 10
4 10 4 11
5 10 4 12
6 10 4 13
7 10 4 14
8 10 4 7
9 10 4 error
10 10 4 error
0 11 4 0
1 11 4 8
2 11 4 9
3 11 4 10
4 11 4 11
5 11 4 12
6 11 4 13
7 11 4 14
8 11 4 15
9 11 4 error
10 11 4 error
0 12 4 0
1 12 4 16
2 12 4 9
3 12 4 10
4 12 4 11
5 12 4 12
6 12 4 13
7 12 4 14
8 12 4 15
9 12 4 error
10 12 4 error
0 13 4 0
1 13 4 16
2 13 4 17
3 13 4 10
4 13 4 11
5 13 4 12
6 13 4 13
7 13 4 14
8 13 4 15
9 13 4 error
10 13 4 error
0 14 4 0
1 14 4 16
2 14 4 17
3 14 4 18
4 14 4 11
5 14 4 12
6 14 4 13
7 14 4 14
8 14 4 15
9 14 4 error
10 14 4 error
0 15 4 0
1 15 4 16
2 15 4 17
3 15 4 18
4 15 4 19
5 15 4 12
6 15 4 13
7 15 4 14
8 15 4 15
9 15 4 error
10 15 4 error
0 16 4 0
1 16 4 16
2 16 4 17
3 16 4 18
4 16 4 19
5 16 4 20
6 16 4 13
7 16 4 14
8 16 4 15
9 16 4 error
10 16 4 error
0 17 4 0
1 17 4 16
2 17 4 17
3 17 4 18
4 17 4 19
5 17 4 20
6 17 4 21
7 17 4 14
8 17 4 15
9 17 4 error
10 17 4 error
0 18 4 0
1 18 4 16
2 18 4 17
3 18 4 18
4 18 4 19
5 18 4 20
6 18 4 21
7 18 4 22
8 18 4 15
9 18 4 error
10 18 4 error
0 0 5 0
1 0 5 error
2 0 5 1
3 0 5 2
4 0 5 3
5 0 5 4
6 0 5 5
7 0 5 error
8 0 5 error
9 0 5 error
10 0 5 error
11 0 5 error
12 0 5 error
0 1 5 0
1 1 5 error
2 1 5 1
3 1 5 2
4 1 5 3
5 1 5 4
6 1 5 5
7 1 5 6
8 1 5 error
9 1 5 error
10 1 5 error
11 1 5 error
12 1 5 error
0 2 5 0
1 2 5 error
2 2 5 1
3 2 5 2
4 2 5 3
5 2 5 4
6 2 5 5
7 2 5 6
8 2 5 7
9 2 5 error
10 2 5 error
11 2 5 error
12 2 5 error
0 3 5 0
1 3 5 error
2 3 5 1
3 3 5 2
4 3 5 3
5 3 5 4
6 3 5 5
7 3 5 6
8 3 5 7
9 3 5 8
10 3 5 error
11 3 5 error
12 3 5 error
0 4 5 0
1 4 5 error
2 4 5 1
3 4 5 2
4 4 5 3
5 4 5 4
6 4 5 5
7 4 5 6
8 4 5 7
9 4 5 8
10 4 5 9
11 4 5 error
12 4 5 error
0 5 5 0
1 5 5 10
2 5 5 1
3 5 5 2
4 5 5 3
5 5 5 4
6 5 5 5
7 5 5 6
8 5 5 7
9 5 5 8
10 5 5 9
11 5 5 error
12 5 5 error
0 6 5 0
1 6 5 10
2 6 5 11
3 6 5 2
4 6 5 3
5 6 5 4
6 6 5 5
7 6 5 6
8 6 5 7
9 6 5 8
10 6 5 9
11 6 5 error
12 6 5 error
0 7 5 0
1 7 5 10
2 7 5 11
3 7 5 12
4 7 5 3
5 7 5 4
6 7 5 5
7 7 5 6
8 7 5 7
9 7 5 8
10 7 5 9
11 7 5 error
12 7 5 error
0 8 5 0
1 8 5 10
2 8 5 11
3 8 5 12
4 8 5 13
5 8 5 4
6 8 5 5
7 8 5 6
8 8 5 7
9 8 5 8
10 8 5 9
11 8 5 error
12 8 5 error
0 9 5 0
1 9 5 10
2 9 5 11
3 9 5 12
4 9 5 13
5 9 5 14
6 9 5 5
7 9 5 6
8 9 5 7
9 9 5 8
10 9 5 9
11 9 5 error
12 9 5 error
0 10 5 0
1 10 5 10
2 10 5 11
3 10 5 12
4 10 5 13
5 10 5 14
6 10 5 15
7 10 5 6
8 10 5 7
9 10 5 8
10 10 5 9
11 10 5 error
12 10 5 error
0 11 5 0
1 11 5 10
2 11 5 11
3 11 5 12
4 11 5 13
5 11 5 14
6 11 5 15
7 11 5 16
8 11 5 7
9 11 5 8
10 11 5 9
11 11 5 error
12 11 5 error
0 12 5 0
1 12 5 10
2 12 5 11
3 12 5 12
4 12 5 13
5 12 5 14
6 12 5 15
7 12 5 16
8 12 5 17
9 12 5 8
10 12 5 9
11 12 5 error
12 12 5 error
0 13 5 0
1 13 5 10
2 13 5 11
3 13 5 12
4 13 5 13
5 13 5 14
6 13 5 15
7 13 5 16
8 13 5 17
9 13 5 18
10 13 5 9
11 13 5 error
12 13 5 error
0 14 5 0
1 14 5 10
2 14 5 11
3 14 5 12
4 14 5 13
5 14 5 14
6 14 5 15
7 14 5 16
8 14 5 17
9 14 5 18
10 14 5 19
11 14 5 error
12 14 5 error
0 15 5 0
1 15 5 20
2 15 5 11
3 15 5 12
4 15 5 13
5 15 5 14
6 15 5 15
7 15 5 16
8 15 5 17
9 15 5 18
10 15 5 19
11 15 5 error
12 15 5 error
0 16 5 0
1 16 5 20
2 16 5 21
3 16 5 12
4 16 5 13
5 16 5 14
6 16 5 15
7 16 5 16
8 16 5 17
9 16 5 18
10 16 5 19
11 16 5 error
12 16 5 error
0 17 5 0
1 17 5 20
2 17 5 21
3 17 5 22
4 17 5 13
5 17 5 14
6 17 5 15
7 17 5 16
8 17 5 17
9 17 5 18
10 17 5 19
11 17 5 error
12 17 5 error
0 18 5 0
1 18 5 20
2 18 5 21
3 18 5 22
4 18 5 23
5 18 5 14
6 18 5 15
7 18 5 16
8 18 5 17
9 18 5 18
10 18 5 19
11 18 5 error
12 18 5 error
0 19 5 0
1 19 5 20
2 19 5 21
3 19 5 22
4 19 5 23
5 19 5 24
6 19 5 15
7 19 5 16
8 19 5 17
9 19 5 18
10 19 5 19
11 19 5 error
12 19 5 error
0 20 5 0
1 20 5 20
2 20 5 21
3 20 5 22
4 20 5 23
5 20 5 24
6 20 5 25
7 20 5 16
8 20 5 17
9 20 5 18
10 20 5 19
11 20 5 error
12 20 5 error
0 21 5 0
1 21 5 20
2 21 5 21
3 21 5 22
4 21 5 23
5 21 5 24
6 21 5 25
7 21 5 26
8 21 5 17
9 21 5 18
10 21 5 19
11 21 5 error
12 21 5 error
0 22 5 0
1 22 5 20
2 22 5 21
3 22 5 22
4 22 5 23
5 22 5 24
6 22 5 25
7 22 5 26
8 22 5 27
9 22 5 18
10 22 5 19
11 22 5 error
12 22 5 error
0 0 6 0
1 0 6 error
2 0 6 1
3 0 6 2
4 0 6 3
5 0 6 4
6 0 6 5
7 0 6 6
8 0 6 error
9 0 6 error
10 0 6 error
11 0 6 error
12 0 6 error
13 0 6 error
14 0 6 error
0 1 6 0
1 1 6 error
2 1 6 1
3 1 6 2
4 1 6 3
5 1 6 4
6 1 6 5
7 1 6 6
8 1 6 7
9 1 6 error
10 1 6 error
11 1 6 error
12 1 6 error
13 1 6 error
14 1 6 error
0 2 6 0
1 2 6 error
2 2 6 1
3 2 6 2
4 2 6 3
5 2 6 4
6 2 6 5
7 2 6 6
8 2 6 7
9 2 6 8
10 2 6 error
11 2 6 error
12 2 6 error
13 2 6 error
14 2 6 error
0 3 6 0
1 3 6 error
2 3 6 1
3 3 6 2
4 3 6 3
5 3 6 4
6 3 6 5
7 3 6 6
8 3 6 7
9 3 6 8
10 3 6 9
11 3 6 error
12 3 6 error
13 3 6 error
14 3 6 error
0 4 6 0
1 4 6 error
2 4 6 1
3 4 6 2
4 4 6 3
5 4 6 4
6 4 6 5
7 4 6 6
8 4 6 7
9 4 6 8
10 4 6 9
11 4 6 10
12 4 6 error
13 4 6 error
14 4 6 error
0 5 6 0
1 5 6 error
2 5 6 1
3 5 6 2
4 5 6 3
5 5 6 4
6 5 6 5
7 5 6 6
8 5 6 7
9 5 6 8
10 5 6 9
11 5 6 10
12 5 6 11
13 5 6 error
14 5 6 error
0 6 6 0
1 6 6 12
2 6 6 1
3 6 6 2
4 6 6 3
5 6 6 4
6 6 6 5
7 6 6 6
8 6 6 7
9 6 6 8
10 6 6 9
11 6 6 10
12 6 6 11
13 6 6 error
14 6 6 error
0 7 6 0
1 7 6 12
2 7 6 13
3 7 6 2
4 7 6 3
5 7 6 4
6 7 6 5
7 7 6 6
8 7 6 7
9 7 6 8
10 7 6 9
11 7 6 10
12 7 6 11
13 7 6 error
14 7 6 error
0 8 6 0
1 8 6 12
2 8 6 13
3 8 6 14
4 8 6 3
5 8 6 4
6 8 6 5
7 8 6 6
8 8 6 7
9 8 6 8
10 8 6 9
11 8 6 10
12 8 6 11
13 8 6 error
14 8 6 error
0 9 6 0
1 9 6 12
2 9 6 13
3 9 6 14
4 9 6 15
5 9 6 4
6 9 6 5
7 9 6 6
8 9 6 7
9 9 6 8
10 9 6 9
11 9 6 10
12 9 6 11
13 9 6 error
14 9 6 error
0 10 6 0
1 10 6 12
2 10 6 13
3 10 6 14
4 10 6 15
5 10 6 16
6 10 6 5
7 10 6 6
8 10 6 7
9 10 6 8
10 10 6 9
11 10 6 10
12 10 6 11
13 10 6 error
14 10 6 error
0 11 6 0
1 11 6 12
2 11 6 13
3 11 6 14
4 11 6 15
5 11 6 16
6 11 6 17
7 11 6 6
8 11 6 7
9 11 6 8
10 11 6 9
11 11 6 10
12 11 6 11
13 11 6 error
14 11 6 error
0 12 6 0
1 12 6 12
2 12 6 13
3 12 6 14
4 12 6 15
5 12 6 16
6 12 6 17
7 12 6 18
8 12 6 7
9 12 6 8
10 12 6 9
11 12 6 10
12 12 6 11
13 12 6 error
14 12 6 error
0 13 6 0
1 13 6 12
2 13 6 13
3 13 6 14
4 13 6 15
5 13 6 16
6 13 6 17
7 13 6 18
8 13 6 19
9 13 6 8
10 13 6 9
11 13 6 10
12 13 6 11
13 13 6 error
14 13 6 error
0 14 6 0
1 14 6 12
2 14 6 13
3 14 6 14
4 14 6 15
5 14 6 16
6 14 6 17
7 14 6 18
8 14 6 19
9 14 6 20
10 14 6 9
11 14 6 10
12 14 6 11
13 14 6 error
14 14 6 error
0 15 6 0
1 15 6 12
2 15 6 13
3 15 6 14
4 15 6 15
5 15 6 16
6 15 6 17
7 15 6 18
8 15 6 19
9 15 6 20
10 15 6 21
11 15 6 10
12 15 6 11
13 15 6 error
14 15 6 error
0 16 6 0
1 16 6 12
2 16 6 13
3 16 6 14
4 16 6 15
5 16 6 16
6 16 6 17
7 16 6 18
8 16 6 19
9 16 6 20
10 16 6 21
11 16 6 22
12 16 6 11
13 16 6 error
14 16 6 error
0 17 6 0
1 17 6 12
2 17 6 13
3 17 6 14
4 17 6 15
5 17 6 16
6 17 6 17
7 17 6 18
8 17 6 19
9 17 6 20
10 17 6 21
11 17 6 22
12 17 6 23
13 17 6 error
14 17 6 error
0 18 6 0
1 18 6 24
2 18 6 13
3 18 6 14
4 18 6 15
5 18 6 16
6 18 6 17
7 18 6 18
8 18 6 19
9 18 6 20
10 18 6 21
11 18 6 22
12 18 6 23
13 18 6 error
14 18 6 error
0 19 6 0
1 19 6 24
2 19 6 25
3 19 6 14
4 19 6 15
5 19 6 16
6 19 6 17
7 19 6 18
8 19 6 19
9 19 6 20
10 19 6 21
11 19 6 22
12 19 6 23
13 19 6 error
14 19 6 error
0 20 6 0
1 20 6 24
2 20 6 25
3 20 6 26
4 20 6 15
5 20 6 16
6 20 6 17
7 20 6 18
8 20 6 19
9 20 6 20
10 20 6 21
11 20 6 22
12 20 6 23
13 20 6 error
14 20 6 error
0 21 6 0
1 21 6 24
2 21 6 25
3 21 6 26
4 21 6 27
5 21 6 16
6 21 6 17
7 21 6 18
8 21 6 19
9 21 6 20
10 21 6 21
11 21 6 22
12 21 6 23
13 21 6 error
14 21 6 error
0 22 6 0
1 22 6 24
2 22 6 25
3 22 6 26
4 22 6 27
5 22 6 28
6 22 6 17
7 22 6 18
8 22 6 19
9 22 6 20
10 22 6 21
11 22 6 22
12 22 6 23
13 22 6 error
14 22 6 error
0 23 6 0
1 23 6 24
2 23 6 25
3 23 6 26
4 23 6 27
5 23 6 28
6 23 6 29
7 23 6 18
8 23 6 19
9 23 6 20
10 23 6 21
11 23 6 22
12 23 6 23
13 23 6 error
14 23 6 error
0 24 6 0
1 24 6 24
2 24 6 25
3 24 6 26
4 24 6 27
5 24 6 28
6 24 6 29
7 24 6 30
8 24 6 19
9 24 6 20
10 24 6 21
11 24 6 22
12 24 6 23
13 24 6 error
14 24 6 error
0 25 6 0
1 25 6 24
2 25 6 25
3 25 6 26
4 25 6 27
5 25 6 28
6 25 6 29
7 25 6 30
8 25 6 31
9 25 6 20
10 25 6 21
11 25 6 22
12 25 6 23
13 25 6 error
14 25 6 error
0 26 6 0
1 26 6 24
2 26 6 25
3 26 6 26
4 26 6 27
5 26 6 28
6 26 6 29
7 26 6 30
8 26 6 31
9 26 6 32
10 26 6 21
11 26 6 22
12 26 6 23
13 26 6 error
14 26 6 error
0 0 7 0
1 0 7 error
2 0 7 1
3 0 7 2
4 0 7 3
5 0 7 4
6 0 7 5
7 0 7 6
8 0 7 7
9 0 7 error
10 0 7 error
11 0 7 error
12 0 7 error
13 0 7 error
14 0 7 error
15 0 7 error
16 0 7 error
0 1 7 0
1 1 7 error
2 1 7 1
3 1 7 2
4 1 7 3
5 1 7 4
6 1 7 5
7 1 7 6
8 1 7 7
9 1 7 8
10 1 7 error
11 1 7 error
12 1 7 error
13 1 7 error
14 1 7 error
15 1 7 error
16 1 7 error
0 2 7 0
1 2 7 error
2 2 7 1
3 2 7 2
4 2 7 3
5 2 7 4
6 2 7 5
7 2 7 6
8 2 7 7
9 2 7 8
10 2 7 9
11 2 7 error
12 2 7 error
13 2 7 error
14 2 7 error
15 2 7 error
16 2 7 error
0 3 7 0
1 3 7 error
2 3 7 1
3 3 7 2
4 3 7 3
5 3 7 4
6 3 7 5
7 3 7 6
8 3 7 7
9 3 7 8
10 3 7 9
11 3 7 10
12 3 7 error
13 3 7 error
14 3 7 error
15 3 7 error
16 3 7 error
0 4 7 0
1 4 7 error
2 4 7 1
3 4 7 2
4 4 7 3
5 4 7 4
6 4 7 5
7 4 7 6
8 4 7 7
9 4 7 8
10 4 7 9
11 4 7 10
12 4 7 11
13 4 7 error
14 4 7 error
15 4 7 error
16 4 7 error
0 5 7 0
1 5 7 error
2 5 7 1
3 5 7 2
4 5 7 3
5 5 7 4
6 5 7 5
7 5 7 6
8 5 7 7
9 5 7 8
10 5 7 9
11 5 7 10
12 5 7 11
13 5 7 12
14 5 7 error
15 5 7 error
16 5 7 error
0 6 7 0
1 6 7 error
2 6 7 1
3 6 7 2
4 6 7 3
5 6 7 4
6 6 7 5
7 6 7 6
8 6 7 7
9 6 7 8
10 6 7 9
11 6 7 10
12 6 7 11
13 6 7 12
14 6 7 13
15 6 7 error
16 6 7 error
0 7 7 0
1 7 7 14
2 7 7 1
3 7 7 2
4 7 7 3
5 7 7 4
6 7 7 5
7 7 7 6
8 7 7 7
9 7 7 8
10 7 7 9
11 7 7 10
12 7 7 11
13 7 7 12
14 7 7 13
15 7 7 error
16 7 7 error
0 8 7 0
1 8 7 14
2 8 7 15
3 8 7 2
4 8 7 3
5 8 7 4
6 8 7 5
7 8 7 6
8 8 7 7
9 8 7 8
10 8 7 9
11 8 7 10
12 8 7 11
13 8 7 12
14 8 7 13
15 8 7 error
16 8 7 error
0 9 7 0
1 9 7 14
2 9 7 15
3 9 7 16
4 9 7 3
5 9 7 4
6 9 7 5
7 9 7 6
8 9 7 7
9 9 7 8
10 9 7 9
11 9 7 10
12 9 7 11
13 9 7 12
14 9 7 13
15 9 7 error
16 9 7 error
0 10 7 0
1 10 7 14
2 10 7 15
3 10 7 16
4 10 7 17
5 10 7 4
6 10 7 5
7 10 7 6
8 10 7 7
9 10 7 8
10 10 7 9
11 10 7 10
12 10 7 11
13 10 7 12
14 10 7 13
15 10 7 error
16 10 7 error
0 11 7 0
1 11 7 14
2 11 7 15
3 11 7 16
4 11 7 17
5 11 7 18
6 11 7 5
7 11 7 6
8 11 7 7
9 11 7 8
10 11 7 9
11 11 7 10
12 11 7 11
13 11 7 12
14 11 7 13
15 11 7 error
16 11 7 error
0 12 7 0
1 12 7 14
2 12 7 15
3 12 7 16
4 12 7 17
5 12 7 18
6 12 7 19
7 12 7 6
8 12 7 7
9 12 7 8
10 12 7 9
11 12 7 10
12 12 7 11
13 12 7 12
14 12 7 13
15 12 7 error
16 12 7 error
0 13 7 0
1 13 7 14
2 13 7 15
3 13 7 16
4 13 7 17
5 13 7 18
6 13 7 19
7 13 7 20
8 13 7 7
9 13 7 8
10 13 7 9
11 13 7 10
12 13 7 11
13 13 7 12
14 13 7 13
15 13 7 error
16 13 7 error
0 14 7 0
1 14 7 14
2 14 7 15
3 14 7 16
4 14 7 17
5 14 7 18
6 14 7 19
7 14 7 20
8 14 7 21
9 14 7 8
10 14 7 9
11 14 7 10
12 14 7 11
13 14 7 12
14 14 7 13
15 14 7 error
16 14 7 error
0 15 7 0
1 15 7 14
2 15 7 15
3 15 7 16
4 15 7 17
5 15 7 18
6 15 7 19
7 15 7 20
8 15 7 21
9 15 7 22
10 15 7 9
11 15 7 10
12 15 7 11
13 15 7 12
14 15 7 13
15 15 7 error
16 15 7 error
0 16 7 0
1 16 7 14
2 16 7 15
3 16 7 16
4 16 7 17
5 16 7 18
6 16 7 19
7 16 7 20
8 16 7 21
9 16 7 22
10 16 7 23
11 16 7 10
12 16 7 11
13 16 7 12
14 16 7 13
15 16 7 error
16 16 7 error
0 17 7 0
1 17 7 14
2 17 7 15
3 17 7 16
4 17 7 17
5 17 7 18
6 17 7 19
7 17 7 20
8 17 7 21
9 17 7 22
10 17 7 23
11 17 7 24
12 17 7 11
13 17 7 12
14 17 7 13
15 17 7 error
16 17 7 error
0 18 7 0
1 18 7 14
2 18 7 15
3 18 7 16
4 18 7 17
5 18 7 18
6 18 7 19
7 18 7 20
8 18 7 21
9 18 7 22
10 18 7 23
11 18 7 24
12 18 7 25
13 18 7 12
14 18 7 13
15 18 7 error
16 18 7 error
0 19 7 0
1 19 7 14
2 19 7 15
3 19 7 16
4 19 7 17
5 19 7 18
6 19 7 19
7 19 7 20
8 19 7 21
9 19 7 22
10 19 7 23
11 19 7 24
12 19 7 25
13 19 7 26
14 19 7 13
15 19 7 error
16 19 7 error
0 20 7 0
1 20 7 14
2 20 7 15
3 20 7 16
4 20 7 17
5 20 7 18
6 20 7 19
7 20 7 20
8 20 7 21
9 20 7 22
10 20 7 23
11 20 7 24
12 20 7 25
13 20 7 26
14 20 7 27
15 20 7 error
16 20 7 error
0 21 7 0
1 21 7 28
2 21 7 15
3 21 7 16
4 21 7 17
5 21 7 18
6 21 7 19
7 21 7 20
8 21 7 21
9 21 7 22
10 21 7 23
11 21 7 24
12 21 7 25
13 21 7 26
14 21 7 27
15 21 7 error
16 21 7 error
0 22 7 0
1 22 7 28
2 22 7 29
3 22 7 16
4 22 7 17
5 22 7 18
6 22 7 19
7 22 7 20
8 22 7 21
9 22 7 22
10 22 7 23
11 22 7 24
12 22 7 25
13 22 7 26
14 22 7 27
15 22 7 error
16 22 7 error
0 23 7 0
1 23 7 28
2 23 7 29
3 23 7 30
4 23 7 17
5 23 7 18
6 23 7 19
7 23 7 20
8 23 7 21
9 23 7 22
10 23 7 23
11 23 7 24
12 23 7 25
13 23 7 26
14 23 7 27
15 23 7 error
16 23 7 error
0 24 7 0
1 24 7 28
2 24 7 29
3 24 7 30
4 24 7 31
5 24 7 18
6 24 7 19
7 24 7 20
8 24 7 21
9 24 7 22
10 24 7 23
11 24 7 24
12 24 7 25
13 24 7 26
14 24 7 27
15 24 7 error
16 24 7 error
0 25 7 0
1 25 7 28
2 25 7 29
3 25 7 30
4 25 7 31
5 25 7 32
6 25 7 19
7 25 7 20
8 25 7 21
9 25 7 22
10 25 7 23
11 25 7 24
12 25 7 25
13 25 7 26
14 25 7 27
15 25 7 error
16 25 7 error
0 26 7 0
1 26 7 28
2 26 7 29
3 26 7 30
4 26 7 31
5 26 7 32
6 26 7 33
7 26 7 20
8 26 7 21
9 26 7 22
10 26 7 23
11 26 7 24
12 26 7 25
13 26 7 26
14 26 7 27
15 26 7 error
16 26 7 error
0 27 7 0
1 27 7 28
2 27 7 29
3 27 7 30
4 27 7 31
5 27 7 32
6 27 7 33
7 27 7 34
8 27 7 21
9 27 7 22
10 27 7 23
11 27 7 24
12 27 7 25
13 27 7 26
14 27 7 27
15 27 7 error
16 27 7 error
0 28 7 0
1 28 7 28
2 28 7 29
3 28 7 30
4 28 7 31
5 28 7 32
6 28 7 33
7 28 7 34
8 28 7 35
9 28 7 22
10 28 7 23
11 28 7 24
12 28 7 25
13 28 7 26
14 28 7 27
15 28 7 error
16 28 7 error
0 29 7 0
1 29 7 28
2 29 7 29
3 29 7 30
4 29 7 31
5 29 7 32
6 29 7 33
7 29 7 34
8 29 7 35
9 29 7 36
10 29 7 23
11 29 7 24
12 29 7 25
13 29 7 26
14 29 7 27
15 29 7 error
16 29 7 error
0 30 7 0
1 30 7 28
2 30 7 29
3 30 7 30
4 30 7 31
5 30 7 32
6 30 7 33
7 30 7 34
8 30 7 35
9 30 7 36
10 30 7 37
11 30 7 24
12 30 7 25
13 30 7 26
14 30 7 27
15 30 7 error
16 30 7 error
0 0 8 0
1 0 8 error
2 0 8 1
3 0 8 2
4 0 8 3
5 0 8 4
6 0 8 5
7 0 8 6
8 0 8 7
9 0 8 8
10 0 8 error
11 0 8 error
12 0 8 error
13 0 8 error
14 0 8 error
15 0 8 error
16 0 8 error
17 0 8 error
18 0 8 error
0 1 8 0
1 1 8 error
2 1 8 1
3 1 8 2
4 1 8 3
5 1 8 4
6 1 8 5
7 1 8 6
8 1 8 7
9 1 8 8
10 1 8 9
11 1 8 error
12 1 8 error
13 1 8 error
14 1 8 error
15 1 8 error
16 1 8 error
17 1 8 error
18 1 8 error
0 2 8 0
1 2 8 error
2 2 8 1
3 2 8 2
4 2 8 3
5 2 8 4
6 2 8 5
7 2 8 6
8 2 8 7
9 2 8 8
10 2 8 9
11 2 8 10
12 2 8 error
13 2 8 error
14 2 8 error
15 2 8 error
16 2 8 error
17 2 8 error
18 2 8 error
0 3 8 0
1 3 8 error
2 3 8 1
3 3 8 2
4 3 8 3
5 3 8 4
6 3 8 5
7 3 8 6
8 3 8 7
9 3 8 8
10 3 8 9
11 3 8 10
12 3 8 11
13 3 8 error
14 3 8 error
15 3 8 error
16 3 8 error
17 3 8 error
18 3 8 error
0 4 8 0
1 4 8 error
2 4 8 1
3 4 8 2
4 4 8 3
5 4 8 4
6 4 8 5
7 4 8 6
8 4 8 7
9 4 8 8
10 4 8 9
11 4 8 10
12 4 8 11
13 4 8 12
14 4 8 error
15 4 8 error
16 4 8 error
17 4 8 error
18 4 8 error
0 5 8 0
1 5 8 error
2 5 8 1
3 5 8 2
4 5 8 3
5 5 8 4
6 5 8 5
7 5 8 6
8 5 8 7
9 5 8 8
10 5 8 9
11 5 8 10
12 5 8 11
13 5 8 12
14 5 8 13
15 5 8 error
16 5 8 error
17 5 8 error
18 5 8 error
0 6 8 0
1 6 8 error
2 6 8 1
3 6 8 2
4 6 8 3
5 6 8 4
6 6 8 5
7 6 8 6
8 6 8 7
9 6 8 8
10 6 8 9
11 6 8 10
12 6 8 11
13 6 8 12
14 6 8 13
15 6 8 14
16 6 8 error
17 6 8 error
18 6 8 error
0 7 8 0
1 7 8 error
2 7 8 1
3 7 8 2
4 7 8 3
5 7 8 4
6 7 8 5
7 7 8 6
8 7 8 7
9 7 8 8
10 7 8 9
11 7 8 10
12 7 8 11
13 7 8 12
14 7 8 13
15 7 8 14
16 7 8 15
17 7 8 error
18 7 8 error
0 8 8 0
1 8 8 16
2 8 8 1
3 8 8 2
4 8 8 3
5 8 8 4
6 8 8 5
7 8 8 6
8 8 8 7
9 8 8 8
10 8 8 9
11 8 8 10
12 8 8 11
13 8 8 12
14 8 8 13
15 8 8 14
16 8 8 15
17 8 8 error
18 8 8 error
0 9 8 0
1 9 8 16
2 9 8 17
3 9 8 2
4 9 8 3
5 9 8 4
6 9 8 5
7 9 8 6
8 9 8 7
9 9 8 8
10 9 8 9
11 9 8 10
12 9 8 11
13 9 8 12
14 9 8 13
15 9 8 14
16 9 8 15
17 9 8 error
18 9 8 error
0 10 8 0
1 10 8 16
2 10 8 17
3 10 8 18
4 10 8 3
5 10 8 4
6 10 8 5
7 10 8 6
8 10 8 7
9 10 8 8
10 10 8 9
11 10 8 10
12 10 8 11
13 10 8 12
14 10 8 13
15 10 8 14
16 10 8 15
17 10 8 error
18 10 8 error
0 11 8 0
1 11 8 16
2 11 8 17
3 11 8 18
4 11 8 19
5 11 8 4
6 11 8 5
7 11 8 6
8 11 8 7
9 11 8 8
10 11 8 9
11 11 8 10
12 11 8 11
13 11 8 12
14 11 8 13
15 11 8 14
16 11 8 15
17 11 8 error
18 11 8 error
0 12 8 0
1 12 8 16
2 12 8 17
3 12 8 18
4 12 8 19
5 12 8 20
6 12 8 5
7 12 8 6
8 12 8 7
9 12 8 8
10 12 8 9
11 12 8 10
12 12 8 11
13 12 8 12
14 12 8 13
15 12 8 14
16 12 8 15
17 12 8 error
18 12 8 error
0 13 8 0
1 13 8 16
2 13 8 17
3 13 8 18
4 13 8 19
5 13 8 20
6 13 8 21
7 13 8 6
8 13 8 7
9 13 8 8
10 13 8 9
11 13 8 10
12 13 8 11
13 13 8 12
14 13 8 13
15 13 8 14
16 13 8 15
17 13 8 error
18 13 8 error
0 14 8 0
1 14 8 16
2 14 8 17
3 14 8 18
4 14 8 19
5 14 8 20
6 14 8 21
7 14 8 22
8 14 8 7
9 14 8 8
10 14 8 9
11 14 8 10
12 14 8 11
13 14 8 12
14 14 8 13
15 14 8 14
16 14 8 15
17 14 8 error
18 14 8 error
0 15 8 0
1 15 8 16
2 15 8 17
3 15 8 18
4 15 8 19
5 15 8 20
6 15 8 21
7 15 8 22
8 15 8 23
9 15 8 8
10 15 8 9
11 15 8 10
12 15 8 11
13 15 8 12
14 15 8 13
15 15 8 14
16 15 8 15
17 15 8 error
18 15 8 error
0 16 8 0
1 16 8 16
2 16 8 17
3 16 8 18
4 16 8 19
5 16 8 20
6 16 8 21
7 16 8 22
8 16 8 23
9 16 8 24
10 16 8 9
11 16 8 10
12 16 8 11
13 16 8 12
14 16 8 13
15 16 8 14
16 16 8 15
17 16 8 error
18 16 8 error
0 17 8 0
1 17 8 16
2 17 8 17
3 17 8 18
4 17 8 19
5 17 8 20
6 17 8 21
7 17 8 22
8 17 8 23
9 17 8 24
10 17 8 25
11 17 8 10
12 17 8 11
13 17 8 12
14 17 8 13
15 17 8 14
16 17 8 15
17 17 8 error
18 17 8 error
0 18 8 0
1 18 8 16
2 18 8 17
3 18 8 18
4 18 8 19
5 18 8 20
6 18 8 21
7 18 8 22
8 18 8 23
9 18 8 24
10 18 8 25
11 18 8 26
12 18 8 11
13 18 8 12
14 18 8 13
15 18 8 14
16 18 8 15
17 18 8 error
18 18 8 error
0 19 8 0
1 19 8 16
2 19 8 17
3 19 8 18
4 19 8 19
5 19 8 20
6 19 8 21
7 19 8 22
8 19 8 23
9 19 8 24
10 19 8 25
11 19 8 26
12 19 8 27
13 19 8 12
14 19 8 13
15 19 8 14
16 19 8 15
17 19 8 error
18 19 8 error
0 20 8 0
1 20 8 16
2 20 8 17
3 20 8 18
4 20 8 19
5 20 8 20
6 20 8 21
7 20 8 22
8 20 8 23
9 20 8 24
10 20 8 25
11 20 8 26
12 20 8 27
13 20 8 28
14 20 8 13
15 20 8 14
16 20 8 15
17 20 8 error
18 20 8 error
0 21 8 0
1 21 8 16
2 21 8 17
3 21 8 18
4 21 8 19
5 21 8 20
6 21 8 21
7 21 8 22
8 21 8 23
9 21 8 24
10 21 8 25
11 21 8 26
12 21 8 27
13 21 8 28
14 21 8 29
15 21 8 14
16 21 8 15
17 21 8 error
18 21 8 error
0 22 8 0
1 22 8 16
2 22 8 17
3 22 8 18
4 22 8 19
5 22 8 20
6 22 8 21
7 22 8 22
8 22 8 23
9 22 8 24
10 22 8 25
11 22 8 26
12 22 8 27
13 22 8 28
14 22 8 29
15 22 8 30
16 22 8 15
17 22 8 error
18 22 8 error
0 23 8 0
1 23 8 16
2 23 8 17
3 23 8 18
4 23 8 19
5 23 8 20
6 23 8 21
7 23 8 22
8 23 8 23
9 23 8 24
10 23 8 25
11 23 8 26
12 23 8 27
13 23 8 28
14 23 8 29
15 23 8 30
16 23 8 31
17 23 8 error
18 23 8 error
0 24 8 0
1 24 8 32
2 24 8 17
3 24 8 18
4 24 8 19
5 24 8 20
6 24 8 21
7 24 8 22
8 24 8 23
9 24 8 24
10 24 8 25
11 24 8 26
12 24 8 27
13 24 8 28
14 24 8 29
15 24 8 30
16 24 8 31
17 24 8 error
18 24 8 error
0 25 8 0
1 25 8 32
2 25 8 33
3 25 8 18
4 25 8 19
5 25 8 20
6 25 8 21
7 25 8 22
8 25 8 23
9 25 8 24
10 25 8 25
11 25 8 26
12 25 8 27
13 25 8 28
14 25 8 29
15 25 8 30
16 25 8 31
17 25 8 error
18 25 8 error
0 26 8 0
1 26 8 32
2 26 8 33
3 26 8 34
4 26 8 19
5 26 8 20
6 26 8 21
7 26 8 22
8 26 8 23
9 26 8 24
10 26 8 25
11 26 8 26
12 26 8 27
13 26 8 28
14 26 8 29
15 26 8 30
16 26 8 31
17 26 8 error
18 26 8 error
0 27 8 0
1 27 8 32
2 27 8 33
3 27 8 34
4 27 8 35
5 27 8 20
6 27 8 21
7 27 8 22
8 27 8 23
9 27 8 24
10 27 8 25
11 27 8 26
12 27 8 27
13 27 8 28
14 27 8 29
15 27 8 30
16 27 8 31
17 27 8 error
18 27 8 error
0 28 8 0
1 28 8 32
2 28 8 33
3 28 8 34
4 28 8 35
5 28 8 36
6 28 8 21
7 28 8 22
8 28 8 23
9 28 8 24
10 28 8 25
11 28 8 26
12 28 8 27
13 28 8 28
14 28 8 29
15 28 8 30
16 28 8 31
17 28 8 error
18 28 8 error
0 29 8 0
1 29 8 32
2 29 8 33
3 29 8 34
4 29 8 35
5 29 8 36
6 29 8 37
7 29 8 22
8 29 8 23
9 29 8 24
10 29 8 25
11 29 8 26
12 29 8 27
13 29 8 28
14 29 8 29
15 29 8 30
16 29 8 31
17 29 8 error
18 29 8 error
0 30 8 0
1 30 8 32
2 30 8 33
3 30 8 34
4 30 8 35
5 30 8 36
6 30 8 37
7 30 8 38
8 30 8 23
9 30 8 24
10 30 8 25
11 30 8 26
12 30 8 27
13 30 8 28
14 30 8 29
15 30 8 30
16 30 8 31
17 30 8 error
18 30 8 error
0 31 8 0
1 31 8 32
2 31 8 33
3 31 8 34
4 31 8 35
5 31 8 36
6 31 8 37
7 31 8 38
8 31 8 39
9 31 8 24
10 31 8 25
11 31 8 26
12 31 8 27
13 31 8 28
14 31 8 29
15 31 8 30
16 31 8 31
17 31 8 error
18 31 8 error
0 32 8 0
1 32 8 32
2 32 8 33
3 32 8 34
4 32 8 35
5 32 8 36
6 32 8 37
7 32 8 38
8 32 8 39
9 32 8 40
10 32 8 25
11 32 8 26
12 32 8 27
13 32 8 28
14 32 8 29
15 32 8 30
16 32 8 31
17 32 8 error
18 32 8 error
0 33 8 0
1 33 8 32
2 33 8 33
3 33 8 34
4 33 8 35
5 33 8 36
6 33 8 37
7 33 8 38
8 33 8 39
9 33 8 40
10 33 8 41
11 33 8 26
12 33 8 27
13 33 8 28
14 33 8 29
15 33 8 30
16 33 8 31
17 33 8 error
18 33 8 error
0 34 8 0
1 34 8 32
2 34 8 33
3 34 8 34
4 34 8 35
5 34 8 36
6 34 8 37
7 34 8 38
8 34 8 39
9 34 8 40
10 34 8 41
11 34 8 42
12 34 8 27
13 34 8 28
14 34 8 29
15 34 8 30
16 34 8 31
17 34 8 error
18 34 8 error
